277 334
764 406
40 81
146 428
659 211
95 427
104 144
492 68
299 316
534 283
26 458
345 28
469 327
709 249
387 27
191 340
597 502
47 2
422 54
396 245
705 475
728 205
79 220
738 303
303 444
66 13
545 431
578 198
700 367
154 457
503 427
386 116
293 469
566 536
83 492
746 317
185 8
219 581
661 482
484 407
539 489
540 155
681 300
156 345
303 463
167 74
571 267
415 195
790 492
684 351
583 35
14 223
161 328
421 100
246 56
684 21
567 162
738 16
151 303
81 192
735 574
593 140
250 279
454 167
110 359
753 355
488 361
531 365
701 581
546 542
92 30
284 559
47 441
429 317
49 315
447 511
798 550
322 539
2 480
371 537
788 399
223 111
406 555
768 220
572 217
597 399
138 306
169 356
461 577
775 251
630 595
482 129
103 252
791 473
77 397
38 570
170 521
174 13
383 212
194 180
