592 433
1064 288
194 528
353 401
573 91
650 37
982 145
466 396
374 157
142 251
262 506
547 403
603 180
811 79
673 432
137 161
481 342
821 248
665 423
980 561
973 371
417 460
405 561
520 0
601 572
567 74
879 379
185 530
838 477
97 502
1023 0
1029 516
134 71
462 367
1017 198
837 98
428 369
943 382
132 224
108 435
693 205
361 130
927 149
512 469
984 248
880 29
759 404
196 67
1039 87
308 271
145 401
1091 438
598 119
78 515
305 458
515 434
1080 589
399 84
774 31
1005 306
1082 217
477 250
480 168
740 57
118 249
973 127
39 530
603 364
41 218
507 316
424 247
779 148
572 566
394 286
454 252
79 0
543 158
736 131
578 283
1053 23
853 156
459 369
747 523
163 223
1056 147
1009 0
769 382
1030 157
743 497
650 149
376 413
337 166
663 88
923 524
852 407
464 590
912 196
1024 74
613 286
576 511
2 385
448 209
856 525
221 589
773 112
372 136
1049 146
235 442
385 77
791 506
173 128
223 199
943 72
262 168
1015 251
131 416
763 590
124 423
117 114
960 118
530 47
1010 206
671 385
287 277
612 460
989 341
540 227
670 413
856 468
1086 407
891 294
1022 393
283 113
468 246
565 155
15 48
758 248
1097 479
979 241
943 454
1052 280
977 550
138 408
340 488
991 508
223 1
704 555
1047 4
556 377
996 385
74 535
734 233
934 305
894 209
651 333
1097 479
229 171
245 460
269 32
254 468
893 369
279 136
588 175
220 62
380 75
226 264
474 467
1058 442
622 596
494 122
483 534
177 364
171 152
515 118
197 85
25 147
734 398
253 380
799 76
71 186
390 111
1077 473
221 110
892 59
197 309
837 22
282 118
97 250
720 212
341 165
1041 115
625 195
208 17
1053 21
401 353
1044 482
591 486
399 557
250 338
322 573
