396 222
386 112
112 552
74 186
726 129
774 599
198 318
431 49
263 299
73 122
918 468
99 145
1073 15
818 2
886 456
29 506
7 40
38 60
511 518
599 359
436 194
135 193
176 262
378 409
268 20
51 138
693 337
747 203
852 13
1052 359
403 149
1092 396
591 463
996 279
741 430
965 68
530 295
750 147
515 341
781 65
287 496
385 491
400 15
186 570
104 50
757 186
259 439
1093 487
596 220
140 584
36 206
989 269
571 357
236 574
947 114
658 314
753 454
503 372
513 465
1080 592
492 592
551 276
654 319
461 379
752 320
597 499
421 240
875 199
747 28
981 429
554 79
932 341
35 211
144 385
246 88
782 345
84 527
88 337
529 436
165 13
814 443
1008 117
691 119
166 482
191 478
381 166
467 434
261 437
806 157
54 373
742 99
819 578
562 133
219 583
279 470
174 83
348 531
86 106
692 46
140 49
636 316
537 88
233 112
314 555
852 144
92 126
406 452
325 530
452 354
878 179
216 525
134 544
830 488
461 68
479 595
868 250
354 379
697 90
1010 577
665 61
937 116
480 390
749 461
1097 398
518 515
108 397
1092 272
527 209
835 483
474 539
485 502
213 528
125 36
1009 395
802 479
905 232
34 324
963 114
925 135
615 273
0 140
834 370
253 542
752 241
660 44
161 40
253 570
442 525
469 531
692 2
424 375
772 289
623 360
903 23
421 490
826 526
954 547
637 489
663 146
251 340
102 222
67 329
465 154
417 161
549 123
269 115
1048 67
173 591
655 105
871 453
607 130
851 162
886 22
107 351
1098 274
802 576
191 196
845 227
8 262
903 436
692 207
637 599
1028 138
563 414
1009 476
699 242
743 188
740 490
297 109
825 548
407 288
56 535
165 212
174 55
845 383
973 114
138 229
445 88
797 136
786 323
287 403
1046 577
749 405
110 191
626 195
940 71
226 545
503 336
743 184
667 95
1064 514
467 383
437 522
481 146
562 300
209 214
474 240
520 498
733 216
562 496
167 161
269 577
960 81
255 338
945 248
194 235
1015 523
112 598
894 356
772 323
819 508
258 599
143 355
110 491
154 372
976 96
445 345
166 264
1038 476
847 498
999 217
187 94
218 570
706 438
1007 484
160 262
559 244
697 506
423 312
42 8
443 406
2 204
833 552
98 97
263 137
273 573
172 541
138 310
1076 263
906 174
635 115
671 230
961 229
187 397
861 446
464 169
46 119
565 341
892 335
95 111
868 295
775 175
790 519
906 325
355 415
277 455
521 196
1073 343
75 114
309 491
234 87
49 400
735 270
644 415
983 484
568 183
1016 452
627 464
1038 588
221 413
960 270
823 485
1072 196
874 568
550 350
921 227
392 510
141 58
823 3
673 405
