582 211
342 81
435 8
702 234
823 92
777 295
135 336
462 590
439 10
312 427
268 74
559 82
217 23
546 201
261 389
928 145
543 431
358 252
560 215
984 514
135 432
256 78
449 243
242 176
1021 297
10 450
223 493
862 194
353 393
589 431
543 509
913 576
240 45
525 103
507 521
376 282
486 594
170 72
151 263
578 269
1081 395
51 352
914 437
98 101
466 46
725 312
16 269
600 568
79 13
898 106
839 67
314 135
450 308
17 135
382 491
293 79
756 475
447 462
111 461
707 170
510 394
460 387
958 250
249 19
1077 371
506 197
427 559
196 438
878 369
557 412
225 255
100 517
610 495
96 393
896 322
965 143
205 575
888 312
11 341
169 29
721 446
116 276
382 49
414 198
499 560
73 49
150 331
252 5
110 320
144 66
1044 76
353 127
361 74
88 240
116 450
835 226
896 19
111 45
776 574
289 468
316 275
705 24
831 473
673 184
791 327
471 130
129 257
937 35
969 361
694 292
378 445
228 583
926 69
285 159
474 450
63 402
739 392
818 172
520 271
59 163
172 398
861 568
122 220
735 35
510 462
653 70
753 302
56 84
332 538
643 242
571 242
104 14
638 114
208 107
325 588
934 496
1039 449
846 136
333 5
441 444
355 487
350 404
961 436
138 284
225 32
923 326
271 212
13 53
831 545
1071 466
51 277
554 514
350 167
795 470
266 523
231 402
538 83
262 455
312 279
189 403
188 305
852 216
349 222
528 585
464 338
770 128
552 539
72 107
827 123
464 571
406 553
1041 51
455 32
954 59
1044 267
734 90
779 346
125 401
277 511
979 79
129 545
656 523
735 411
276 213
749 53
82 349
506 333
598 14
1035 142
213 478
1038 46
550 584
984 424
1037 399
617 443
587 540
757 123
532 282
175 269
240 213
864 145
531 217
23 20
528 299
52 132
329 443
125 329
189 294
40 143
117 198
495 438
300 125
448 344
200 341
520 366
696 31
272 331
1063 327
821 55
625 311
336 241
426 323
706 454
323 114
291 411
396 459
114 365
338 284
645 45
668 475
457 265
420 488
950 343
1092 188
742 68
23 45
694 191
144 295
462 119
230 469
506 141
519 381
306 372
596 413
623 111
517 422
469 397
53 255
81 425
453 58
308 523
738 71
305 127
702 255
1085 226
808 176
830 593
56 372
145 198
566 227
595 486
416 157
968 431
1093 559
910 530
128 84
688 298
328 540
969 267
328 161
1055 211
415 367
618 341
431 12
1054 69
285 270
835 392
576 594
978 76
845 321
580 44
503 192
1051 455
284 277
59 454
264 34
617 156
38 214
394 124
507 202
541 173
351 261
760 493
102 329
737 340
390 315
584 101
390 203
693 304
340 426
477 246
360 75
100 523
1066 494
1060 440
1020 422
219 576
959 114
157 270
34 427
546 193
11 562
790 46
276 552
156 322
561 297
384 223
687 522
92 153
593 398
187 76
37 577
421 467
795 172
1047 116
527 173
736 383
413 435
714 1
152 150
505 349
560 349
88 33
870 195
146 427
305 8
948 521
420 221
53 501
552 423
894 364
440 285
456 356
905 402
215 115
232 565
936 552
518 197
480 508
611 80
422 218
128 388
161 83
952 88
947 381
1072 102
38 101
180 499
186 170
540 275
878 324
363 473
516 328
472 274
320 214
1064 410
421 382
329 453
848 82
84 174
606 551
480 373
710 590
111 532
450 22
291 353
567 212
865 575
394 225
641 323
339 365
814 367
772 175
315 335
258 297
492 391
1 405
90 257
542 130
41 342
7 59
959 292
554 489
1021 513
151 541
39 395
35 538
715 534
767 581
807 270
53 536
53 462
408 140
709 28
702 63
190 92
30 576
177 566
691 100
41 108
275 51
297 469
471 586
717 550
648 80
913 402
903 132
864 40
246 490
129 596
210 431
648 190
1041 580
51 354
418 517
606 156
281 118
652 534
465 258
415 546
233 223
236 525
894 133
400 198
1061 371
913 277
207 528
568 50
629 124
54 237
324 133
1091 171
289 296
687 8
704 337
758 437
66 580
1019 433
472 222
127 123
529 471
653 168
151 564
971 337
560 151
493 170
285 520
837 184
262 53
377 389
914 376
771 26
535 337
1074 568
1083 229
311 348
44 383
915 553
593 366
105 459
245 221
476 332
426 201
618 300
377 67
865 188
1040 138
262 286
855 140
1073 508
681 432
736 540
478 278
724 92
332 2
804 410
503 121
800 440
1025 253
1004 449
603 351
1079 378
381 239
886 98
237 392
367 361
570 327
367 77
226 554
766 83
39 307
530 582
114 125
202 302
226 591
583 395
619 5
309 535
421 156
262 383
894 460
1054 221
705 191
1015 135
98 431
336 435
256 273
36 544
158 59
740 81
429 21
257 115
215 17
50 250
829 560
522 57
120 312
635 451
858 307
1030 158
346 149
468 112
518 134
7 162
215 485
62 230
690 303
552 307
99 363
284 338
227 59
1006 344
343 69
447 43
6 278
1067 311
471 133
345 385
1022 204
995 333
485 338
561 337
502 69
573 400
91 104
948 41
18 389
966 600
61 203
790 34
55 395
532 308
497 121
489 7
1057 577
446 546
854 592
204 359
521 45
486 359
332 161
307 12
622 193
133 583
986 251
515 116
53 512
336 195
55 240
728 202
703 241
829 339
514 365
1000 377
290 201
317 388
361 46
734 59
298 403
819 54
729 0
420 600
907 227
837 111
456 493
266 67
899 200
131 160
322 8
637 227
