778 591
677 249
1031 13
511 83
842 566
444 145
1011 487
814 299
974 211
362 17
913 373
750 262
546 99
587 203
12 216
850 291
676 263
891 255
575 66
1034 17
376 130
754 225
724 505
46 276
212 491
600 588
235 34
569 316
733 260
616 275
385 512
743 364
719 49
972 132
190 126
876 248
144 518
429 469
722 298
269 369
451 394
513 303
748 387
1059 381
652 346
502 593
1034 34
282 153
289 128
629 184
189 482
824 432
110 188
599 44
989 257
12 413
913 353
142 445
746 166
54 570
677 335
41 460
791 490
88 591
562 283
757 93
126 530
382 570
43 136
818 504
651 43
352 88
707 263
488 237
957 28
491 51
270 284
551 18
404 542
1003 534
928 475
375 266
475 403
623 258
62 382
1044 404
383 252
83 137
1039 287
723 417
649 142
815 526
462 166
275 272
469 295
606 543
41 35
853 53
880 593
628 552
