128 579
728 598
1027 42
78 192
407 124
854 39
65 347
34 317
281 335
2 70
754 249
731 573
116 191
878 292
104 149
1008 286
934 558
678 414
1022 404
186 494
576 557
1099 92
531 127
171 211
778 422
335 595
335 207
395 146
925 315
941 520
442 477
103 172
127 398
1093 15
33 349
332 585
161 276
858 22
933 430
862 478
514 307
813 378
1040 153
562 181
1054 397
136 492
620 533
1015 472
641 555
1086 320
449 107
530 239
226 279
893 525
294 37
302 567
948 371
1074 522
46 577
491 534
645 39
601 431
497 1
493 453
614 117
997 354
744 593
403 587
68 422
212 153
1093 437
580 226
745 285
898 162
969 164
749 559
913 177
656 269
1001 360
13 304
1023 585
867 584
561 374
877 0
1079 57
720 0
1075 440
606 3
483 47
616 510
913 69
722 383
525 506
140 89
1005 124
613 199
1040 468
164 64
143 486
739 515
545 343
1010 457
673 206
561 419
130 156
459 441
204 430
514 279
804 128
582 361
783 566
352 21
29 551
1051 119
647 143
811 372
186 44
125 402
145 157
928 385
696 570
106 491
691 356
1017 579
906 506
485 231
787 287
1068 7
856 569
271 241
317 241
955 574
965 313
934 165
474 98
734 252
529 8
694 36
406 289
845 538
251 34
343 32
291 290
632 518
222 409
1069 294
1035 92
309 50
445 374
482 267
693 512
819 218
976 543
855 316
116 0
268 73
571 458
614 244
846 143
626 433
275 306
272 533
20 86
215 327
523 99
962 225
509 424
454 516
926 510
1043 52
491 382
230 106
812 543
524 100
81 574
999 120
1011 81
329 428
15 206
713 111
238 321
236 196
911 44
535 119
1058 358
737 263
488 81
247 407
370 103
234 300
754 209
200 402
498 351
187 547
391 502
679 306
105 370
15 159
1006 475
353 426
780 272
196 134
472 479
1003 194
64 455
139 86
247 260
24 448
77 579
121 174
919 442
90 330
497 224
57 9
942 378
590 45
929 88
1067 27
433 190
309 52
316 156
798 275
846 584
657 273
118 9
388 442
377 437
300 449
902 192
761 47
555 119
143 492
301 561
285 13
445 348
75 255
113 389
228 11
170 578
795 508
269 112
599 442
406 461
992 251
895 136
47 177
256 57
9 137
484 27
212 473
1039 481
161 326
647 198
1075 80
590 450
104 312
483 282
805 558
849 274
191 363
782 200
714 323
1077 168
838 334
947 510
235 456
1000 360
247 76
262 336
35 2
33 440
1010 397
61 326
976 297
513 309
289 70
534 203
732 16
404 472
481 262
453 464
130 155
675 101
679 569
678 63
595 337
948 380
402 393
972 547
241 146
193 13
954 58
501 311
855 297
531 33
441 170
15 135
617 465
725 365
872 569
931 328
425 29
357 397
488 160
243 498
666 465
976 456
225 591
959 82
562 455
882 224
353 482
1066 594
270 533
1062 509
1078 276
190 209
144 191
271 400
1016 384
1079 367
550 249
563 68
706 439
742 411
401 105
963 175
60 568
53 6
170 157
258 596
331 247
352 498
719 305
1074 397
774 130
215 183
22 90
865 456
579 159
866 181
649 599
698 133
231 365
1024 95
339 551
800 323
489 381
193 580
557 410
341 268
42 129
545 490
561 5
128 591
300 32
648 350
1035 386
838 302
414 553
405 577
571 561
788 503
825 233
281 218
708 122
36 365
389 461
248 563
87 350
169 469
114 59
656 122
522 77
76 16
940 479
460 0
1067 550
142 75
377 96
388 256
730 439
623 295
71 468
370 110
451 363
1091 312
299 193
969 212
974 283
644 455
462 492
1018 438
614 176
845 501
917 92
62 53
112 541
784 436
961 429
479 228
1030 222
128 558
1005 122
285 237
1060 286
226 512
25 245
538 279
161 409
335 321
816 468
936 589
946 22
211 327
457 192
694 570
921 23
245 249
755 564
1019 375
110 268
990 519
74 101
800 376
640 97
97 120
426 47
128 495
355 467
1068 406
496 332
396 146
742 278
200 117
172 242
1044 598
820 365
538 25
479 530
1069 164
849 517
860 345
579 154
61 502
203 103
923 110
939 21
324 272
60 259
1046 420
475 540
107 580
178 495
384 383
29 110
370 506
674 99
151 235
322 11
501 53
974 197
597 384
447 235
155 510
853 139
140 293
589 579
282 467
568 370
507 378
639 202
461 597
1056 124
704 338
509 446
671 284
860 72
702 54
686 324
422 347
674 335
328 426
691 209
673 531
132 203
588 51
270 8
504 589
114 327
970 473
235 333
740 577
248 85
258 16
933 349
518 139
249 313
80 520
55 172
71 116
467 133
1087 425
194 90
137 97
210 116
425 286
22 258
47 573
408 485
151 116
48 464
63 526
75 464
742 526
41 0
544 264
826 498
705 86
770 386
988 268
867 299
973 422
440 128
449 6
1056 591
557 10
654 418
830 114
326 293
92 374
357 435
921 179
36 3
617 395
209 185
367 598
1089 569
1048 277
336 486
600 199
496 546
1014 514
979 382
564 432
1038 215
988 495
469 538
170 484
914 576
1093 566
966 76
136 413
405 355
394 263
584 38
1064 218
32 317
739 515
928 294
397 482
983 198
412 72
457 404
970 234
847 454
925 264
674 593
264 127
988 157
26 234
704 440
918 472
908 94
948 344
551 488
1080 195
880 369
662 234
738 311
659 346
204 178
843 280
510 414
663 124
664 410
591 69
439 190
82 45
261 556
478 454
14 204
445 115
1049 564
261 151
947 392
856 342
1025 261
266 266
543 594
56 563
226 101
236 46
494 230
197 100
720 233
673 183
416 396
151 101
417 238
507 126
85 215
1077 510
697 153
774 357
584 457
509 84
274 538
616 39
316 461
232 516
234 75
636 317
283 342
192 158
301 150
132 599
537 165
485 116
1065 44
982 402
468 382
364 242
326 160
1037 91
126 205
711 396
141 325
984 77
669 25
295 244
722 83
615 415
297 39
714 203
644 344
566 279
421 165
917 139
218 89
188 386
910 117
861 426
746 182
1070 37
119 67
749 249
4 212
22 248
429 443
386 437
380 122
799 323
401 486
594 409
771 427
818 252
456 253
561 97
989 459
228 561
716 500
965 536
551 132
864 173
265 537
936 548
796 349
280 408
416 384
129 495
534 124
646 504
681 532
186 514
109 419
578 539
182 314
971 478
291 162
445 169
365 121
785 472
707 300
638 295
262 146
901 231
274 354
176 441
357 424
