892 496
1072 295
1048 258
866 239
245 363
1020 50
362 115
914 302
844 110
222 211
514 328
884 576
842 524
617 594
586 367
1 381
315 78
186 357
1079 220
412 338
741 110
843 476
224 432
608 87
201 154
933 542
672 475
438 561
312 471
1098 600
549 497
1026 135
576 184
842 486
1020 291
388 584
499 573
117 165
507 538
629 308
1052 344
162 335
719 476
189 120
176 218
984 157
597 257
680 103
866 318
1095 425
841 128
52 139
443 478
876 375
152 324
1082 459
115 334
110 445
865 454
321 36
998 575
815 151
26 294
743 349
64 215
621 110
1092 437
355 283
87 229
41 581
279 486
98 558
1017 554
576 231
367 8
408 243
823 182
542 380
908 484
570 200
928 214
105 289
561 119
966 16
535 492
207 530
631 217
649 174
474 149
221 239
947 160
123 449
627 273
905 345
551 13
103 400
399 321
992 573
265 237
1088 252
75 349
914 432
746 501
429 548
600 595
794 583
1038 486
281 555
405 202
819 59
978 320
738 226
364 335
621 574
437 191
512 48
779 236
756 415
945 426
868 524
707 383
394 332
768 327
865 288
364 245
933 406
1056 196
190 360
708 119
809 534
519 407
648 528
326 229
819 304
1092 141
297 541
458 428
392 48
14 409
553 477
727 577
1092 503
501 182
872 314
1027 115
972 257
628 28
358 317
460 389
625 331
963 299
623 336
468 371
776 360
1054 533
381 208
619 297
686 343
507 304
1030 277
486 320
8 89
885 56
808 64
953 561
472 343
1071 556
384 402
16 407
649 137
162 395
876 579
233 599
560 483
992 477
312 365
368 428
494 401
511 189
351 285
463 500
409 589
954 263
6 402
503 2
433 44
492 425
502 13
482 445
946 462
363 222
945 140
277 106
296 516
494 194
1089 432
984 332
94 591
954 206
613 155
683 154
200 334
251 503
29 524
592 315
88 103
113 372
263 232
230 228
600 392
266 153
1057 132
829 7
727 249
797 98
192 525
960 236
311 470
50 1
900 465
102 540
208 47
807 574
470 333
893 503
210 67
762 412
240 383
302 117
558 74
933 567
279 398
934 499
871 373
1005 399
160 215
0 187
92 19
540 279
706 547
100 596
817 462
220 145
217 512
682 587
975 52
407 587
1032 228
222 313
414 119
166 117
460 379
657 85
966 525
905 568
372 537
297 82
173 494
248 263
764 248
339 310
515 282
65 225
932 470
3 255
29 316
494 40
989 274
786 195
997 102
331 118
69 414
183 234
776 596
159 117
377 259
651 172
995 570
446 313
614 56
349 237
59 255
1007 384
911 563
1012 346
668 573
359 491
1047 145
544 435
296 516
494 55
130 101
640 176
10 200
406 472
906 381
1020 39
241 388
895 286
1073 63
1071 467
166 519
939 482
273 455
530 419
773 41
919 99
520 62
487 230
233 245
347 423
123 40
754 320
536 323
684 415
304 140
630 86
983 404
132 177
615 91
1009 301
749 119
529 522
1074 501
651 301
886 50
710 214
269 29
933 472
164 349
57 437
747 41
355 493
702 314
502 471
626 111
408 117
729 417
683 313
814 463
139 120
896 546
836 588
105 235
87 77
719 37
11 388
301 232
466 558
40 518
1057 160
487 328
103 341
883 110
19 303
796 121
727 422
918 220
892 435
719 449
63 344
291 161
156 386
462 45
58 24
872 82
670 140
819 353
623 227
1082 257
1084 137
733 341
194 556
640 348
400 118
863 420
298 317
937 166
496 14
1039 431
537 1
536 388
771 209
573 130
135 322
466 89
1011 131
120 563
806 40
476 457
91 436
457 146
275 235
71 167
122 273
1049 478
864 393
553 294
188 272
226 59
859 316
813 168
1061 137
893 482
1022 149
995 358
858 524
592 282
402 177
446 420
596 98
308 177
554 434
380 116
816 38
756 564
934 191
317 258
1097 549
431 53
141 306
28 305
17 370
755 26
173 154
904 520
528 300
634 109
237 562
696 210
127 441
880 321
1019 344
351 288
460 508
203 594
985 395
621 124
1024 272
437 589
227 228
971 297
178 241
308 186
456 282
512 570
426 80
173 434
601 584
184 499
751 362
953 33
512 119
1071 77
353 587
873 287
288 226
284 358
1065 174
747 576
848 85
379 456
745 379
87 363
325 187
317 106
986 444
261 518
734 508
694 587
561 302
268 287
678 561
633 372
741 427
237 587
37 404
267 489
6 284
338 130
1100 277
365 251
356 19
1072 372
955 344
953 477
955 296
216 472
630 452
339 280
468 212
895 65
829 260
6 576
177 158
840 100
189 366
1026 524
1057 149
1085 444
