736 450
408 176
1100 527
317 109
356 519
440 437
796 574
1080 482
838 119
151 537
989 483
851 515
814 456
803 586
783 177
891 314
118 486
542 424
796 51
767 592
286 33
1090 19
463 295
853 261
464 77
765 93
355 576
720 550
696 50
236 348
247 523
616 95
118 478
935 436
835 319
974 467
658 587
771 598
786 367
645 255
461 409
819 48
733 523
284 306
1086 229
542 588
809 353
11 345
243 465
958 299
735 507
244 222
782 176
900 385
698 154
704 241
3 324
834 219
541 430
314 273
67 481
619 426
1033 456
906 548
441 203
226 71
379 303
675 120
562 26
248 525
81 16
27 530
743 520
979 127
501 73
530 420
143 46
74 558
1095 302
970 174
206 112
572 521
1049 278
596 98
645 79
680 281
454 331
917 192
653 371
92 93
41 213
232 559
667 199
890 214
288 48
1087 115
508 596
1096 543
810 525
765 465
1029 420
914 515
655 22
896 535
168 392
173 460
107 332
252 85
597 393
188 369
57 568
466 515
698 102
179 593
448 281
1094 467
593 363
641 165
176 451
710 531
55 337
664 224
85 574
905 477
89 390
385 83
482 322
918 232
202 458
280 389
600 457
1041 46
385 409
453 28
429 553
607 508
521 118
775 90
406 104
481 451
1028 109
957 70
453 481
907 597
477 584
484 84
1071 56
103 21
1033 481
650 585
149 546
32 178
464 507
301 511
413 7
679 59
1 202
630 82
308 103
1018 383
46 551
24 419
155 357
413 412
263 406
48 345
417 488
373 304
903 41
944 103
50 145
318 240
689 338
567 429
951 507
521 339
1057 472
789 161
830 438
319 70
442 593
661 186
650 428
315 328
52 554
729 538
901 150
5 77
251 144
495 285
424 539
575 534
342 408
864 320
74 480
709 451
655 6
121 386
245 396
301 62
480 383
842 22
897 197
524 226
17 307
1031 408
199 254
406 281
916 113
838 378
75 224
343 108
202 41
201 200
711 222
98 392
809 570
443 317
291 578
502 8
363 147
819 590
542 10
6 530
553 233
851 117
188 110
98 494
310 405
207 302
730 179
834 38
178 438
567 5
105 65
134 101
231 275
773 477
1018 59
718 99
1025 222
7 530
316 275
487 565
921 44
973 233
448 242
548 274
910 208
203 217
45 575
196 589
342 181
1009 394
847 545
1010 154
63 168
704 188
904 331
235 457
1049 410
269 80
162 103
233 371
764 113
664 489
769 270
23 110
939 306
1082 589
441 111
1008 314
529 355
67 579
3 207
329 506
74 377
162 410
225 552
769 49
6 11
702 537
1047 51
568 233
1034 278
337 145
651 422
980 494
271 120
636 574
336 455
749 440
279 271
88 313
206 438
987 56
101 295
132 565
431 557
366 466
551 199
110 377
744 105
826 350
565 570
659 374
1023 33
204 430
637 238
236 68
825 229
1083 50
761 228
828 85
356 173
378 596
850 526
543 221
597 588
395 558
312 35
154 110
617 580
799 447
830 381
721 353
881 284
284 561
87 237
203 240
133 495
510 586
398 131
379 424
869 190
847 357
881 126
807 66
89 448
645 348
723 171
992 87
261 388
511 547
263 289
935 424
73 190
1070 452
666 484
354 299
58 17
257 333
944 35
669 100
339 221
648 405
717 567
456 491
892 301
305 590
971 353
800 102
42 170
121 547
1043 88
85 470
620 296
318 113
215 512
19 15
168 112
150 543
310 349
733 279
501 529
365 451
666 280
920 377
131 556
652 412
219 596
1024 376
784 193
290 4
1019 66
523 111
867 467
1052 597
109 191
134 533
267 593
284 473
247 82
289 50
103 291
614 234
565 188
937 224
194 24
222 293
1083 568
538 519
87 478
607 404
138 95
461 210
117 422
403 335
1006 267
810 436
55 105
540 201
517 357
395 456
1063 299
656 450
1032 477
627 201
723 76
291 340
755 293
175 548
479 55
849 112
278 22
481 53
751 317
840 55
617 392
550 69
1085 28
29 302
711 473
645 294
137 202
687 266
8 234
972 476
509 548
610 395
57 237
897 393
26 135
177 408
978 466
879 348
1087 168
832 429
158 508
884 371
1066 54
904 368
631 138
610 10
198 586
635 414
350 279
685 37
1027 3
649 314
321 250
458 113
137 474
302 421
540 445
206 519
361 224
985 153
1003 555
294 59
1073 223
1091 117
702 120
407 149
179 70
593 180
69 318
660 282
798 183
762 331
488 191
260 451
594 69
230 438
540 590
129 323
880 474
90 164
977 569
149 51
976 568
314 309
817 338
5 151
79 35
668 491
696 155
485 489
863 124
465 597
357 367
260 225
575 7
404 531
285 422
814 485
503 408
571 76
467 573
16 400
222 462
49 366
347 386
330 103
228 247
266 429
914 182
757 470
334 533
350 64
408 403
643 134
1071 82
26 570
178 467
12 305
608 328
423 171
872 154
603 449
346 295
605 251
982 468
1004 317
388 110
139 298
124 59
470 1
1002 579
57 87
890 186
436 521
682 546
129 355
1017 167
613 286
738 27
693 541
6 93
162 361
1053 310
484 217
141 515
754 106
95 381
83 309
944 189
851 556
53 372
463 412
496 587
763 592
885 27
717 255
261 27
818 1
226 345
783 267
923 334
336 187
410 442
850 435
620 557
536 385
73 437
98 591
311 370
964 245
142 350
57 464
1000 596
746 42
993 197
808 428
1062 535
119 182
165 189
166 413
33 146
527 453
164 339
2 226
288 583
926 142
623 377
1016 528
767 351
889 97
908 599
262 411
439 54
9 579
1067 81
1015 549
1056 401
180 8
455 287
585 285
533 409
12 552
360 467
929 215
719 244
405 544
713 72
418 430
62 133
155 545
46 0
501 33
465 29
1046 244
696 77
1064 249
496 158
170 503
1028 321
737 342
578 403
679 419
784 89
405 420
665 64
287 112
104 530
724 263
120 83
165 461
517 205
986 267
614 536
516 437
979 323
725 429
1049 464
969 245
979 223
243 485
1097 265
406 340
459 308
116 154
309 96
852 479
380 488
217 18
849 163
973 357
477 366
450 432
238 403
340 207
893 394
1028 195
409 456
659 475
892 357
637 87
934 520
536 158
917 171
918 493
252 115
468 212
303 228
772 108
151 384
526 243
325 297
589 530
145 167
482 105
530 448
866 351
818 128
968 49
634 291
487 460
844 422
458 132
50 310
878 105
110 500
914 593
672 512
680 248
8 125
1040 354
309 118
413 481
581 480
992 590
751 247
969 385
183 591
152 10
534 138
746 275
506 128
224 325
550 157
619 32
1097 222
724 589
842 566
417 11
84 8
401 485
134 59
1005 561
657 528
469 568
417 20
148 493
613 296
1019 550
107 366
216 216
445 327
73 512
920 563
987 521
677 552
619 284
485 51
299 136
1058 59
523 184
34 271
361 100
328 459
826 216
922 336
535 595
605 81
194 86
1062 290
76 373
312 309
528 574
935 384
616 331
191 206
281 461
69 437
29 549
882 371
562 106
812 321
429 440
125 303
967 21
952 533
474 559
297 159
778 302
172 93
236 147
1087 241
1097 342
630 289
793 106
229 279
528 452
611 394
251 379
500 567
100 584
541 280
641 546
1084 334
940 276
890 347
581 223
1048 324
732 404
1021 355
76 43
333 498
20 88
587 58
945 522
233 318
112 117
355 535
1002 125
343 511
529 187
510 299
827 160
429 519
979 364
154 217
338 31
195 391
811 541
890 338
216 526
135 216
767 480
659 404
340 190
97 390
177 540
783 90
94 346
1058 52
630 484
838 378
178 530
741 230
103 274
369 324
367 571
1016 283
179 98
24 595
725 351
111 524
711 482
343 437
239 501
569 210
0 288
1002 164
352 313
110 520
815 577
36 256
1035 491
504 260
11 375
685 10
947 318
523 390
950 108
275 36
207 141
128 460
465 382
249 401
614 287
872 121
443 98
424 355
444 181
72 208
624 105
886 18
184 364
53 297
511 363
697 398
213 262
749 450
954 41
712 534
106 555
591 38
58 170
414 161
859 551
570 426
745 277
87 478
867 471
223 485
972 508
882 218
91 427
842 485
756 467
318 341
972 495
495 306
263 106
157 114
714 178
964 261
433 536
837 40
114 33
124 381
409 542
792 307
895 298
960 596
246 209
308 22
415 565
