112 129
1000 166
781 114
910 396
669 51
363 204
811 304
26 220
236 34
1062 251
966 450
847 332
921 159
899 69
299 232
777 440
593 40
644 396
334 132
632 88
392 217
605 366
155 521
443 401
1048 86
720 280
789 280
603 62
888 405
455 557
36 360
789 272
994 401
399 479
325 444
264 465
997 405
965 547
783 80
409 590
353 418
802 243
1019 145
653 208
985 354
440 473
1010 575
1087 584
488 123
356 235
974 291
799 11
1007 530
593 370
378 83
249 556
570 140
619 369
408 73
876 479
171 205
553 210
588 244
774 505
349 576
501 412
1068 518
734 397
1061 305
357 97
48 446
273 313
450 194
302 92
741 151
787 349
389 277
601 287
4 497
597 85
711 68
751 140
1095 356
78 535
544 96
348 372
871 177
328 259
193 248
313 314
912 161
268 191
1003 366
622 71
125 377
1074 309
984 11
14 61
953 284
374 343
1078 411
510 443
814 519
18 11
302 474
666 519
230 507
147 229
333 160
288 146
557 419
893 427
350 548
333 376
1033 26
267 521
171 424
260 376
548 116
239 103
815 173
572 48
229 352
724 144
952 123
309 108
815 399
151 506
334 90
413 458
143 416
216 492
641 164
1069 145
1033 296
429 344
123 423
897 412
889 135
985 531
336 136
38 259
447 402
947 9
1059 501
900 405
830 472
457 356
163 100
548 108
62 385
754 267
195 480
1077 128
1007 39
854 277
824 345
838 555
735 107
825 234
1092 325
529 198
582 202
505 409
156 33
213 10
184 58
363 483
646 391
793 109
308 113
970 501
912 141
1099 237
115 190
606 459
514 531
557 394
1054 571
1043 522
210 296
998 473
928 45
943 108
720 430
28 583
346 433
55 147
235 126
967 374
108 370
734 477
414 42
749 305
1069 110
7 331
807 555
465 472
924 372
147 149
478 172
945 268
895 309
432 452
1078 224
300 503
947 546
562 567
996 331
76 110
187 304
577 385
935 517
422 150
707 580
804 168
769 353
682 330
716 292
500 193
795 522
999 100
415 590
191 384
377 258
724 355
63 398
284 139
228 162
473 404
35 131
904 460
817 591
86 234
249 573
668 75
496 192
201 219
532 222
286 455
120 401
361 499
847 594
1082 187
82 501
165 367
157 315
230 156
643 244
1098 81
479 59
23 514
978 585
101 411
762 256
616 110
963 275
49 92
118 491
345 499
295 308
721 116
728 405
1083 50
922 103
586 167
121 8
1004 188
333 244
222 285
544 106
192 261
644 150
1048 367
415 350
925 202
325 364
851 469
928 198
1053 456
604 237
901 109
553 370
67 448
151 263
581 447
548 148
608 126
400 185
741 72
312 109
88 105
992 146
677 266
457 39
237 541
179 299
37 42
245 29
75 484
287 394
59 151
481 342
684 76
1037 138
650 577
1010 42
393 75
430 597
104 15
626 581
887 18
37 102
45 146
1012 269
199 175
321 185
352 567
553 394
1055 180
669 543
635 477
877 510
1025 7
980 345
103 337
1026 423
223 227
1051 481
982 149
737 578
198 83
1075 419
878 232
495 514
74 236
598 218
368 76
563 456
579 228
346 67
34 225
857 168
502 402
684 422
1076 583
382 398
392 76
47 478
675 452
747 594
285 124
588 189
978 227
133 325
460 181
724 121
761 259
117 546
934 193
378 599
624 254
220 242
63 81
748 112
216 420
661 416
949 239
72 348
169 297
634 12
1019 15
375 541
244 176
1098 405
400 137
994 591
157 204
222 373
553 142
74 156
287 591
668 130
182 332
331 449
419 316
579 585
254 122
796 279
518 209
999 372
42 573
1097 219
819 375
453 190
972 372
311 236
910 23
315 540
205 520
