712 556
475 141
136 199
679 544
103 333
34 256
1034 554
921 479
385 416
565 120
619 577
415 593
234 494
559 561
158 327
590 536
288 257
1045 563
304 324
884 544
916 96
163 225
1056 111
523 43
321 337
159 458
676 507
1075 363
243 299
319 334
601 460
934 401
613 211
1100 116
736 490
988 398
1049 479
353 188
47 145
169 206
41 310
834 384
1017 332
724 164
918 569
35 482
1092 489
463 327
715 418
174 152
618 451
575 403
972 489
361 284
763 151
422 173
775 254
640 468
839 585
526 449
29 17
439 331
244 298
240 119
393 212
1067 49
471 67
366 540
966 585
18 593
1030 430
709 241
703 489
572 256
141 445
565 528
757 150
853 469
140 580
372 351
214 285
386 559
561 186
753 499
448 585
764 59
1046 293
157 435
839 495
1002 166
42 497
1039 115
837 408
346 498
161 350
588 499
28 84
52 125
1020 42
241 571
103 419
549 489
788 584
623 219
822 126
1019 363
1079 224
108 444
62 380
335 265
209 451
931 290
759 71
854 532
169 518
41 478
442 122
21 488
546 514
214 11
14 518
185 111
70 341
462 513
811 520
599 35
639 345
23 211
616 175
328 568
640 443
884 176
375 166
225 307
649 14
422 210
591 509
343 150
1010 176
102 245
442 119
858 54
670 79
1067 22
836 409
22 539
117 445
893 328
334 8
567 564
1017 162
698 323
1042 250
345 505
329 424
797 536
378 531
785 244
39 222
201 347
786 439
897 61
936 489
1029 326
741 36
645 316
281 77
672 185
218 203
1037 80
243 281
811 44
289 20
525 182
325 578
725 105
758 545
938 267
412 584
17 42
130 171
535 475
1012 468
824 38
1046 87
468 449
917 126
217 390
233 363
52 185
1013 587
967 575
319 281
1032 280
675 196
813 247
689 475
304 500
667 581
346 406
138 586
626 364
328 541
93 89
570 450
676 593
169 29
408 198
528 200
830 492
754 205
744 490
521 45
172 98
690 537
495 16
748 64
76 282
97 196
413 279
624 164
420 442
1083 147
459 133
20 32
600 503
598 409
324 151
479 574
903 263
983 332
307 11
375 488
380 271
26 341
162 356
1065 245
345 26
1072 52
552 568
782 68
306 76
490 271
829 181
99 528
1053 130
1011 548
73 559
1082 273
65 564
866 318
1024 243
277 409
747 454
435 472
585 90
1008 190
377 326
876 166
2 564
496 179
1079 360
994 115
685 260
422 369
790 203
1074 393
93 107
884 542
1035 111
1028 202
791 231
209 462
534 596
468 272
341 563
381 417
186 354
464 477
533 18
737 94
614 572
560 459
1082 432
980 314
826 399
140 547
999 367
103 440
263 173
365 210
805 2
769 208
121 106
961 214
243 112
454 15
757 394
602 237
383 514
678 551
766 509
137 9
301 456
421 250
719 22
959 70
64 392
313 82
682 80
418 139
1015 378
425 230
356 142
695 206
579 211
971 340
555 60
1100 415
931 322
899 304
66 307
1032 130
379 363
580 175
827 461
362 446
176 480
826 351
650 533
399 14
454 116
296 410
517 344
582 113
683 123
722 86
1081 355
5 266
239 140
180 394
662 499
342 155
420 200
323 174
1068 331
316 20
786 14
325 183
300 392
837 23
823 38
254 146
1001 476
974 474
952 391
838 388
386 24
819 263
78 258
759 395
309 394
289 486
441 175
679 196
931 430
695 463
817 393
862 64
454 275
724 420
442 313
231 512
916 506
781 63
871 217
876 477
951 445
733 95
340 53
430 201
378 238
946 68
540 573
918 128
72 437
364 419
619 132
1001 286
537 93
512 558
568 43
484 537
704 24
184 494
139 109
745 249
1021 284
893 190
341 400
688 27
494 203
482 105
664 37
76 202
976 160
835 55
595 33
471 496
540 39
367 497
439 586
73 312
569 420
871 196
658 451
80 422
1099 155
100 65
517 570
228 7
909 379
819 565
670 132
946 475
1000 178
10 45
885 50
754 455
245 87
163 550
746 317
168 247
784 493
673 389
204 203
1055 216
826 6
118 69
905 251
804 452
772 230
943 33
971 385
502 42
560 195
1028 447
454 206
528 387
373 303
162 62
315 150
397 418
614 378
888 261
1042 59
65 473
555 255
284 187
41 119
569 144
875 70
227 570
471 93
412 488
982 116
460 501
686 503
858 50
129 381
786 144
674 276
478 453
734 362
669 332
157 197
85 523
50 28
458 100
976 212
415 287
1018 418
668 26
495 401
726 327
1067 438
885 432
626 283
83 361
181 494
1009 583
1065 412
870 590
1020 91
769 434
772 339
975 330
372 84
476 589
13 555
319 75
293 401
815 329
933 562
275 401
121 528
61 129
875 530
1100 558
273 191
921 4
871 361
1001 364
352 502
602 89
540 507
23 150
511 349
16 124
853 587
607 449
435 496
795 83
341 567
778 465
305 99
219 13
768 339
75 501
935 590
158 40
51 388
55 437
786 489
523 205
986 323
486 558
905 274
22 240
7 299
450 165
336 114
278 312
1013 41
734 151
903 338
23 145
29 490
1057 475
156 68
816 336
965 334
363 146
93 147
103 544
989 182
1016 117
982 313
462 439
142 567
236 444
845 472
766 588
3 430
403 30
520 106
1018 523
151 252
965 198
28 191
1056 107
726 211
147 506
409 384
180 269
59 181
67 347
999 596
1067 297
828 222
400 496
491 72
164 298
938 136
929 307
1059 465
13 444
175 223
333 309
1076 0
1055 445
879 388
515 82
883 396
384 445
260 1
566 339
879 599
895 343
906 1
317 118
903 192
595 517
290 133
731 433
199 159
1096 244
829 191
383 96
38 358
585 66
467 387
1093 199
956 242
426 455
160 377
923 268
941 483
493 293
758 585
1055 260
929 551
287 388
709 401
437 557
806 335
812 599
754 462
1089 540
161 335
2 186
144 297
1076 549
811 85
380 347
736 228
549 101
399 92
654 128
539 176
963 559
863 239
500 584
649 328
527 190
123 200
45 564
792 415
121 239
876 58
1045 142
1030 55
411 518
918 454
534 546
376 458
498 423
8 434
345 323
936 193
444 88
628 153
897 354
99 389
908 518
1079 276
12 275
1036 544
487 188
271 140
736 198
75 387
763 115
20 303
341 575
917 369
438 398
728 3
910 142
720 504
789 122
60 207
633 219
168 54
939 201
243 1
1094 600
436 486
288 413
441 44
809 265
197 533
205 165
801 59
22 340
1092 12
44 92
931 270
302 587
56 129
769 419
513 409
1091 329
468 100
177 72
870 444
452 315
136 314
543 112
699 342
780 563
747 502
1010 130
1023 200
983 361
954 186
304 204
149 48
415 401
945 240
828 131
488 535
93 80
59 122
746 213
385 513
572 133
394 510
806 138
1044 106
929 308
681 141
550 109
448 83
511 370
524 437
165 152
1096 533
898 42
593 438
368 149
506 42
573 265
998 185
999 30
587 374
370 194
356 31
913 206
868 562
478 239
915 228
217 473
106 128
318 521
866 35
831 498
1018 10
1062 9
333 595
44 388
932 467
832 526
97 336
407 478
346 359
315 370
442 402
744 559
910 192
492 218
1043 540
385 23
714 204
723 89
921 183
42 232
251 154
872 3
554 517
875 512
265 42
1085 570
540 37
784 507
392 408
14 288
1013 228
2 317
578 13
10 117
1064 244
846 586
674 234
1038 140
302 57
384 436
274 265
896 565
39 534
