884 497
149 284
67 86
315 476
25 471
1032 432
831 10
584 228
218 182
260 376
18 334
36 446
48 226
1035 510
73 119
399 42
803 105
547 37
914 426
535 40
151 287
1028 20
451 322
442 98
979 293
424 356
531 14
223 163
994 162
327 531
1026 487
298 101
638 183
755 524
39 229
519 565
99 579
770 276
194 136
800 207
432 201
994 1
267 137
264 199
601 232
445 41
801 76
777 230
501 211
1006 129
152 374
964 337
1067 314
399 496
1030 130
218 217
206 298
428 508
162 172
118 72
29 482
803 448
57 331
277 580
778 596
501 303
876 374
914 216
578 32
580 196
841 49
962 156
369 30
407 104
146 599
107 515
308 58
516 436
198 323
976 149
284 529
709 296
990 338
469 469
676 190
1077 598
174 341
509 325
5 120
977 557
1080 477
751 185
504 507
315 576
1052 311
274 252
591 561
441 262
532 196
368 359
819 137
364 280
939 545
659 106
274 224
986 184
879 172
1049 160
982 364
90 80
1088 74
589 118
395 250
697 95
1071 496
455 579
897 486
978 542
749 285
930 347
181 225
180 255
394 402
882 443
659 543
534 486
63 443
701 359
146 366
364 560
285 470
160 550
539 0
124 560
4 484
887 229
423 83
144 277
1004 203
832 147
640 473
506 475
573 354
1058 413
622 301
1050 27
266 84
1054 436
958 495
200 436
41 180
848 185
339 221
590 200
158 527
614 315
709 142
455 415
910 357
97 418
545 29
503 229
677 484
956 98
908 324
1097 6
1022 167
790 34
543 209
710 102
503 253
640 560
434 291
1007 194
878 75
744 29
382 151
1051 87
1097 136
865 155
220 391
363 35
165 18
424 14
131 462
119 281
491 340
510 201
525 282
891 245
542 398
411 286
821 583
1090 311
146 407
1079 67
209 377
484 268
1022 63
594 448
730 223
551 203
465 66
185 186
5 11
897 202
317 16
41 296
773 180
1022 80
915 184
540 436
884 53
823 12
662 274
59 129
1090 132
729 396
551 579
560 597
213 332
132 332
767 47
242 258
212 339
857 111
152 445
1056 152
1037 524
685 272
954 395
192 504
368 534
756 563
857 204
644 257
31 386
537 136
910 271
959 252
638 28
712 158
1047 33
829 235
675 380
819 496
1010 148
383 144
101 503
866 34
485 128
1086 395
619 455
437 598
294 554
967 502
747 256
172 160
119 351
87 460
227 62
727 85
1041 416
78 81
295 443
514 317
540 447
904 281
716 414
528 59
452 88
77 443
259 351
356 556
137 177
466 107
611 420
777 502
830 552
395 335
829 252
166 57
1068 36
972 327
101 165
866 416
312 429
729 289
927 445
11 466
755 142
185 49
596 339
843 248
931 231
516 5
958 225
64 343
682 505
530 581
463 397
276 289
523 312
110 553
751 514
145 335
697 472
306 175
87 257
902 123
211 344
903 45
851 51
194 380
660 242
723 360
492 502
880 547
832 172
175 133
117 156
162 427
244 211
180 526
14 317
168 90
158 112
303 518
982 191
811 314
920 109
787 19
896 183
749 413
413 188
484 467
509 393
344 87
36 569
413 563
390 128
673 587
749 499
172 488
766 151
346 378
719 20
822 280
166 380
843 403
911 352
164 22
949 320
87 459
238 292
303 89
777 523
1034 106
164 526
183 240
480 440
262 315
349 430
298 281
594 328
280 130
90 356
926 397
839 4
556 178
65 205
327 539
172 455
213 216
429 554
396 341
644 57
356 147
626 207
1050 478
164 419
1056 306
113 376
581 448
93 436
330 570
1027 122
561 196
871 103
185 494
1082 600
1070 166
408 522
1023 292
811 532
803 509
9 482
828 333
640 158
528 450
907 482
48 40
866 558
31 346
943 23
46 79
740 402
339 411
599 536
725 573
902 328
359 340
786 533
999 214
268 536
253 389
341 163
838 528
910 444
661 473
942 408
873 262
296 527
59 206
354 569
38 247
220 383
981 494
921 520
769 319
816 493
22 220
932 153
955 345
561 219
755 312
463 400
436 43
935 110
51 223
255 567
612 112
479 319
365 241
186 335
865 250
909 540
227 77
183 280
908 461
1005 316
1026 19
229 263
979 194
265 98
1003 373
762 171
641 362
1041 166
995 544
877 157
636 132
237 594
760 39
544 169
1089 432
51 450
437 263
421 431
286 588
838 495
1061 185
529 465
834 169
866 425
150 339
900 557
58 389
719 333
353 572
827 112
918 421
328 193
231 493
171 26
738 222
758 563
1019 528
337 298
514 75
456 470
877 294
1057 19
383 46
367 344
135 68
493 301
223 328
761 499
923 278
677 585
434 354
523 21
105 499
891 67
382 183
87 243
1048 503
799 228
914 379
18 515
1021 546
154 372
1008 579
616 145
888 310
473 218
891 386
872 560
680 116
187 202
889 356
1084 320
532 290
449 324
321 31
382 238
816 6
431 576
133 592
271 124
651 13
876 132
786 378
960 101
24 186
610 448
78 579
19 469
1072 574
815 437
558 81
529 58
74 81
74 589
312 136
385 217
620 461
695 585
921 327
395 224
490 196
925 132
370 493
822 133
611 558
118 581
583 342
447 255
914 6
802 500
992 514
842 455
414 142
830 550
64 78
99 471
447 505
861 339
191 147
668 500
742 137
579 146
229 472
887 291
836 528
227 585
647 525
273 21
473 600
1009 53
331 437
1043 52
830 206
134 585
816 19
12 529
515 120
141 177
1034 19
922 49
974 246
207 546
281 12
637 105
1065 567
972 187
230 405
133 389
921 226
1043 17
1018 583
915 301
254 350
824 81
832 429
283 266
1033 427
522 390
345 270
738 244
167 112
939 205
827 583
68 39
632 2
187 92
446 600
435 107
439 239
700 341
584 532
176 179
721 3
215 419
949 399
129 118
115 409
796 562
370 21
262 409
583 147
0 508
781 206
836 296
691 409
1090 149
467 557
772 83
119 150
652 494
550 248
255 142
861 275
611 155
157 125
607 517
10 11
357 473
567 107
927 125
375 374
1028 519
1009 173
1001 173
1048 346
245 125
25 486
108 584
139 249
965 13
1005 203
5 375
585 497
944 343
599 126
1074 486
1082 473
762 527
574 578
0 434
76 290
704 533
1031 423
380 231
340 46
467 127
372 357
245 45
57 122
209 233
738 346
63 386
397 433
486 110
721 253
200 60
964 324
847 77
344 399
900 443
85 353
804 130
152 546
475 200
153 311
55 559
416 402
814 305
781 193
304 393
608 551
683 446
530 405
762 539
660 56
263 218
63 241
235 260
631 382
525 474
842 459
741 485
764 598
127 301
632 378
825 404
928 512
471 490
491 516
528 292
465 474
162 352
693 288
454 182
724 439
1031 550
1088 213
975 432
717 176
594 110
376 120
859 1
512 85
171 23
1094 127
1034 555
1088 196
951 538
20 433
224 174
741 252
155 559
46 567
403 279
111 496
651 516
53 363
939 95
204 385
393 441
358 452
1020 537
75 515
397 46
819 408
20 373
892 227
825 345
163 234
1021 157
429 379
190 441
248 127
864 201
541 402
765 466
522 600
978 77
592 203
151 357
258 390
210 122
173 90
483 542
493 456
709 219
787 344
767 43
21 584
944 85
298 567
883 485
186 173
685 571
148 533
318 37
553 572
356 339
746 498
1039 341
46 565
575 22
708 496
1052 133
132 428
90 500
575 410
647 391
313 50
469 115
625 67
847 58
1 376
1033 543
1024 198
974 322
490 535
596 177
691 295
262 77
505 409
1070 512
386 472
156 11
205 408
1059 112
486 58
333 406
423 87
532 429
632 255
384 468
558 156
141 319
259 504
744 505
274 21
577 350
698 593
912 333
310 53
217 132
1008 339
951 396
163 24
611 569
511 445
97 323
1021 194
818 336
776 310
697 98
224 91
1056 313
933 88
443 246
946 461
805 563
430 149
528 586
606 83
709 575
685 170
41 84
496 318
502 248
748 3
289 137
272 594
710 103
294 113
650 210
1010 293
939 51
338 56
839 36
952 57
966 361
213 251
170 60
702 536
445 541
665 213
247 378
610 431
102 88
778 506
727 49
848 112
343 164
334 467
518 140
679 248
1094 502
117 320
737 440
402 563
761 89
765 330
900 116
46 526
947 151
449 436
852 184
1032 512
242 304
104 597
1013 556
202 47
199 144
420 428
1042 202
583 523
293 7
299 598
973 286
30 270
274 284
191 211
479 162
105 531
919 475
535 579
903 67
532 308
122 479
146 572
347 194
502 179
823 115
892 400
8 513
161 118
166 216
123 282
404 284
693 457
285 96
444 266
386 26
912 20
852 182
503 306
542 485
981 354
939 315
703 156
252 46
290 550
858 314
575 491
899 373
234 262
463 358
126 455
754 227
494 311
384 359
164 437
39 256
389 413
958 237
1022 410
419 501
955 458
252 552
742 67
80 469
376 395
560 190
277 580
966 152
1012 12
523 527
63 403
125 543
96 324
632 213
958 442
681 421
436 11
272 447
770 215
435 252
995 154
207 308
158 377
302 78
839 219
1017 441
1080 561
290 485
782 69
488 241
287 57
628 5
888 419
234 32
844 39
335 385
377 120
190 350
273 276
363 327
334 189
71 98
817 431
1081 428
679 355
